Microsoft Windows [Version 10.0.19045.6456]
(c) Microsoft Corporation. All rights reserved.

C:\Users\IET>mysql --host=192.168.10.117 --port=3306 --user=dac83 --password=welcome
mysql: [Warning] Using a password on the command line interface can be insecure.
Welcome to the MySQL monitor.  Commands end with ; or \g.
Your MySQL connection id is 68
Server version: 8.0.44 MySQL Community Server - GPL

Copyright (c) 2000, 2025, Oracle and/or its affiliates.

Oracle is a registered trademark of Oracle Corporation and/or its
affiliates. Other names may be trademarks of their respective
owners.

Type 'help;' or '\h' for help. Type '\c' to clear the current input statement.

mysql> use dac83
Database changed
mysql> show tables;
+---------------------+
| Tables_in_dac83     |
+---------------------+
| a                   |
| activity            |
| agent               |
| airline_seats       |
| andor               |
| atm                 |
| b                   |
| bankloan            |
| batch_schedule      |
| betweensalary       |
| bitwise             |
| blanktablea         |
| blanktableb         |
| blog                |
| bonus               |
| books               |
| brands              |
| bus_stops           |
| cafe                |
| candidate           |
| cardpayments        |
| cashpayments        |
| categories          |
| category            |
| city                |
| classandsubjects    |
| client              |
| cnumbers            |
| coalesce            |
| comments            |
| company             |
| countnulls          |
| countnumbers        |
| cricketwinnerteam   |
| customer            |
| customers           |
| demodept1           |
| demodept2           |
| dept                |
| dept1               |
| dhl                 |
| docs                |
| doctor              |
| doctorvisits        |
| dummy               |
| duplicate           |
| emp                 |
| emp1                |
| emp2                |
| emp_attendance      |
| emp_cards           |
| emp_phone           |
| empj                |
| envelope            |
| facebook            |
| fedex               |
| food                |
| food_category_tags  |
| food_items          |
| fromstoreorders     |
| fruits              |
| fullname            |
| hall_ticket         |
| hobby               |
| ipl                 |
| item                |
| job_list            |
| key_parts           |
| labtestlist         |
| leading_zeroes      |
| leadtable           |
| licence             |
| linkedin            |
| location            |
| managers            |
| mass_table          |
| medicinelist        |
| menucard            |
| missingnumbers      |
| nearest             |
| new                 |
| newbooks            |
| null1               |
| null2               |
| nullif              |
| numberstring        |
| onlineorders        |
| ord                 |
| order1              |
| order_items         |
| orderdetails        |
| orders              |
| overlapping_dates   |
| overtime            |
| patient             |
| phonecall           |
| pivot_table         |
| plumber             |
| plumber_service_map |
| points              |
| population          |
| price               |
| product             |
| product_sales       |
| products            |
| pune_metro_stations |
| quarterly_revenue   |
| r                   |
| r1                  |
| r2                  |
| races               |
| regexpr             |
| repeatingnumbers    |
| replacedept         |
| reservations        |
| revenue             |
| rockets             |
| room_assigned       |
| room_staff          |
| rooms               |
| runners             |
| runningserver       |
| sales               |
| sales1              |
| sales_channel       |
| salespeople         |
| salesperson         |
| salgrade            |
| server              |
| service             |
| seta                |
| setb                |
| shop                |
| softdrink           |
| sort                |
| sourcecity          |
| sourcenames         |
| stadium             |
| stages              |
| states              |
| station             |
| status              |
| stocks              |
| stringnumber        |
| student             |
| swapcity            |
| tablea              |
| tableaa             |
| tableb              |
| tablebb             |
| targetcity          |
| targetnames         |
| tasks               |
| teams               |
| temp1               |
| trainers            |
| trains              |
| traintimetable      |
| transactions        |
| unpivot_table       |
| ups                 |
| vote_response       |
| votes               |
| warehouse           |
| x                   |
| year_of_service     |
| yearly_revenue      |
| years               |
| z                   |
+---------------------+
169 rows in set (0.01 sec)

mysql> select ename from emp;
+----------+
| ename    |
+----------+
| GITA     |
| VRUSHALI |
| SHARMIN  |
| BANDISH  |
| SMITH    |
| AARAV    |
| THOMAS   |
| ALLEN    |
| WARD     |
| JONES    |
| MARTIN   |
| BLAKE    |
| CLARK    |
| SCOTT    |
| KING     |
| FRED     |
| TURNER   |
| ADAMS    |
| Ruhan    |
| Neel     |
| JAMES    |
| FORD     |
| HOFFMAN  |
| GRASS    |
| MILLER   |
| AARUSH   |
| ALEX     |
| NATASHA  |
| SANGITA  |
| SUPRIYA  |
+----------+
30 rows in set (0.38 sec)

mysql> select ename from emp limit 3;
+----------+
| ename    |
+----------+
| GITA     |
| VRUSHALI |
| SHARMIN  |
+----------+
3 rows in set (0.00 sec)

mysql> select ename from emp limit 6;
+----------+
| ename    |
+----------+
| GITA     |
| VRUSHALI |
| SHARMIN  |
| BANDISH  |
| SMITH    |
| AARAV    |
+----------+
6 rows in set (0.00 sec)

mysql> select ename from emp limit 4,6;
+--------+
| ename  |
+--------+
| SMITH  |
| AARAV  |
| THOMAS |
| ALLEN  |
| WARD   |
| JONES  |
+--------+
6 rows in set (0.00 sec)

mysql> select ename, job, sal from emp;
+----------+---------------------+------+
| ename    | job                 | sal  |
+----------+---------------------+------+
| GITA     | Compliance officers | 1750 |
| VRUSHALI | Compliance officers | 1750 |
| SHARMIN  | Public Relation     | 1750 |
| BANDISH  | Public Relation     | 1750 |
| SMITH    | CLERK               |  800 |
| AARAV    | CLERK               | 3350 |
| THOMAS   | CLERK               | 1750 |
| ALLEN    | SALESMAN            | 1600 |
| WARD     | SALESMAN            | 1250 |
| JONES    | MANAGER             | 2975 |
| MARTIN   | SALESMAN            | 1250 |
| BLAKE    | MANAGER             | 2850 |
| CLARK    | MANAGER             | 2450 |
| SCOTT    | ANALYST             | 3000 |
| KING     | PRESIDENT           | 5000 |
| FRED     | vice PRESIDENT      | 5000 |
| TURNER   | SALESMAN            | 1500 |
| ADAMS    | CLERK               | 1100 |
| Ruhan    | Network             | 2000 |
| Neel     | vice PRESIDENT      | 1000 |
| JAMES    | CLERK               |  950 |
| FORD     | ANALYST             | 3000 |
| HOFFMAN  | MANAGER             | 4150 |
| GRASS    | SALESMAN            | 2575 |
| MILLER   | CLERK               | 1300 |
| AARUSH   | SALESMAN            | 1350 |
| ALEX     | MANAGER             | 1250 |
| NATASHA  | CLERK               | 1750 |
| SANGITA  | Compliance officers | 1750 |
| SUPRIYA  | ANALYST             | 1750 |
+----------+---------------------+------+
30 rows in set (0.00 sec)

mysql> select ename, job, sal from emp order by ename;
+----------+---------------------+------+
| ename    | job                 | sal  |
+----------+---------------------+------+
| AARAV    | CLERK               | 3350 |
| AARUSH   | SALESMAN            | 1350 |
| ADAMS    | CLERK               | 1100 |
| ALEX     | MANAGER             | 1250 |
| ALLEN    | SALESMAN            | 1600 |
| BANDISH  | Public Relation     | 1750 |
| BLAKE    | MANAGER             | 2850 |
| CLARK    | MANAGER             | 2450 |
| FORD     | ANALYST             | 3000 |
| FRED     | vice PRESIDENT      | 5000 |
| GITA     | Compliance officers | 1750 |
| GRASS    | SALESMAN            | 2575 |
| HOFFMAN  | MANAGER             | 4150 |
| JAMES    | CLERK               |  950 |
| JONES    | MANAGER             | 2975 |
| KING     | PRESIDENT           | 5000 |
| MARTIN   | SALESMAN            | 1250 |
| MILLER   | CLERK               | 1300 |
| NATASHA  | CLERK               | 1750 |
| Neel     | vice PRESIDENT      | 1000 |
| Ruhan    | Network             | 2000 |
| SANGITA  | Compliance officers | 1750 |
| SCOTT    | ANALYST             | 3000 |
| SHARMIN  | Public Relation     | 1750 |
| SMITH    | CLERK               |  800 |
| SUPRIYA  | ANALYST             | 1750 |
| THOMAS   | CLERK               | 1750 |
| TURNER   | SALESMAN            | 1500 |
| VRUSHALI | Compliance officers | 1750 |
| WARD     | SALESMAN            | 1250 |
+----------+---------------------+------+
30 rows in set (0.00 sec)

mysql> select ename, job, sal from emp order by ename desc;
+----------+---------------------+------+
| ename    | job                 | sal  |
+----------+---------------------+------+
| WARD     | SALESMAN            | 1250 |
| VRUSHALI | Compliance officers | 1750 |
| TURNER   | SALESMAN            | 1500 |
| THOMAS   | CLERK               | 1750 |
| SUPRIYA  | ANALYST             | 1750 |
| SMITH    | CLERK               |  800 |
| SHARMIN  | Public Relation     | 1750 |
| SCOTT    | ANALYST             | 3000 |
| SANGITA  | Compliance officers | 1750 |
| Ruhan    | Network             | 2000 |
| Neel     | vice PRESIDENT      | 1000 |
| NATASHA  | CLERK               | 1750 |
| MILLER   | CLERK               | 1300 |
| MARTIN   | SALESMAN            | 1250 |
| KING     | PRESIDENT           | 5000 |
| JONES    | MANAGER             | 2975 |
| JAMES    | CLERK               |  950 |
| HOFFMAN  | MANAGER             | 4150 |
| GRASS    | SALESMAN            | 2575 |
| GITA     | Compliance officers | 1750 |
| FRED     | vice PRESIDENT      | 5000 |
| FORD     | ANALYST             | 3000 |
| CLARK    | MANAGER             | 2450 |
| BLAKE    | MANAGER             | 2850 |
| BANDISH  | Public Relation     | 1750 |
| ALLEN    | SALESMAN            | 1600 |
| ALEX     | MANAGER             | 1250 |
| ADAMS    | CLERK               | 1100 |
| AARUSH   | SALESMAN            | 1350 |
| AARAV    | CLERK               | 3350 |
+----------+---------------------+------+
30 rows in set (0.00 sec)

mysql> select ename, job, sal, hiredate from emp order by hiredate;
+----------+---------------------+------+------------+
| ename    | job                 | sal  | hiredate   |
+----------+---------------------+------+------------+
| GRASS    | SALESMAN            | 2575 | 1980-02-14 |
| AARUSH   | SALESMAN            | 1350 | 1980-02-14 |
| SMITH    | CLERK               |  800 | 1980-12-17 |
| ALLEN    | SALESMAN            | 1600 | 1981-02-20 |
| WARD     | SALESMAN            | 1250 | 1981-02-22 |
| JONES    | MANAGER             | 2975 | 1981-04-02 |
| BLAKE    | MANAGER             | 2850 | 1981-05-01 |
| CLARK    | MANAGER             | 2450 | 1981-06-09 |
| GITA     | Compliance officers | 1750 | 1981-07-19 |
| VRUSHALI | Compliance officers | 1750 | 1981-07-19 |
| SHARMIN  | Public Relation     | 1750 | 1981-07-19 |
| BANDISH  | Public Relation     | 1750 | 1981-07-19 |
| THOMAS   | CLERK               | 1750 | 1981-07-19 |
| NATASHA  | CLERK               | 1750 | 1981-07-19 |
| SANGITA  | Compliance officers | 1750 | 1981-07-19 |
| SUPRIYA  | ANALYST             | 1750 | 1981-07-19 |
| TURNER   | SALESMAN            | 1500 | 1981-09-08 |
| MARTIN   | SALESMAN            | 1250 | 1981-09-28 |
| KING     | PRESIDENT           | 5000 | 1981-11-17 |
| JAMES    | CLERK               |  950 | 1981-12-03 |
| FORD     | ANALYST             | 3000 | 1981-12-03 |
| AARAV    | CLERK               | 3350 | 1981-12-31 |
| MILLER   | CLERK               | 1300 | 1982-01-23 |
| ALEX     | MANAGER             | 1250 | 1982-01-24 |
| HOFFMAN  | MANAGER             | 4150 | 1982-03-24 |
| SCOTT    | ANALYST             | 3000 | 1982-12-09 |
| ADAMS    | CLERK               | 1100 | 1983-01-12 |
| FRED     | vice PRESIDENT      | 5000 | 1983-08-09 |
| Ruhan    | Network             | 2000 | 1983-08-09 |
| Neel     | vice PRESIDENT      | 1000 | 1983-08-09 |
+----------+---------------------+------+------------+
30 rows in set (0.00 sec)

mysql> select ename, job, sal, hiredate from emp order by hiredate desc;
+----------+---------------------+------+------------+
| ename    | job                 | sal  | hiredate   |
+----------+---------------------+------+------------+
| FRED     | vice PRESIDENT      | 5000 | 1983-08-09 |
| Ruhan    | Network             | 2000 | 1983-08-09 |
| Neel     | vice PRESIDENT      | 1000 | 1983-08-09 |
| ADAMS    | CLERK               | 1100 | 1983-01-12 |
| SCOTT    | ANALYST             | 3000 | 1982-12-09 |
| HOFFMAN  | MANAGER             | 4150 | 1982-03-24 |
| ALEX     | MANAGER             | 1250 | 1982-01-24 |
| MILLER   | CLERK               | 1300 | 1982-01-23 |
| AARAV    | CLERK               | 3350 | 1981-12-31 |
| JAMES    | CLERK               |  950 | 1981-12-03 |
| FORD     | ANALYST             | 3000 | 1981-12-03 |
| KING     | PRESIDENT           | 5000 | 1981-11-17 |
| MARTIN   | SALESMAN            | 1250 | 1981-09-28 |
| TURNER   | SALESMAN            | 1500 | 1981-09-08 |
| GITA     | Compliance officers | 1750 | 1981-07-19 |
| VRUSHALI | Compliance officers | 1750 | 1981-07-19 |
| SHARMIN  | Public Relation     | 1750 | 1981-07-19 |
| BANDISH  | Public Relation     | 1750 | 1981-07-19 |
| THOMAS   | CLERK               | 1750 | 1981-07-19 |
| NATASHA  | CLERK               | 1750 | 1981-07-19 |
| SANGITA  | Compliance officers | 1750 | 1981-07-19 |
| SUPRIYA  | ANALYST             | 1750 | 1981-07-19 |
| CLARK    | MANAGER             | 2450 | 1981-06-09 |
| BLAKE    | MANAGER             | 2850 | 1981-05-01 |
| JONES    | MANAGER             | 2975 | 1981-04-02 |
| WARD     | SALESMAN            | 1250 | 1981-02-22 |
| ALLEN    | SALESMAN            | 1600 | 1981-02-20 |
| SMITH    | CLERK               |  800 | 1980-12-17 |
| GRASS    | SALESMAN            | 2575 | 1980-02-14 |
| AARUSH   | SALESMAN            | 1350 | 1980-02-14 |
+----------+---------------------+------+------------+
30 rows in set (0.00 sec)

mysql> select * from city;
+------+----------+
| id   | CityName |
+------+----------+
|    1 | Baroda   |
|    2 | Surat    |
|    3 | Bharuch  |
|    4 | Rajkot   |
|    5 | Jamnagar |
+------+----------+
5 rows in set (0.08 sec)

mysql> select * from city order by cityname;
+------+----------+
| id   | CityName |
+------+----------+
|    1 | Baroda   |
|    3 | Bharuch  |
|    5 | Jamnagar |
|    4 | Rajkot   |
|    2 | Surat    |
+------+----------+
5 rows in set (0.00 sec)

mysql> select * from city order by cityname desc;
+------+----------+
| id   | CityName |
+------+----------+
|    2 | Surat    |
|    4 | Rajkot   |
|    5 | Jamnagar |
|    3 | Bharuch  |
|    1 | Baroda   |
+------+----------+
5 rows in set (0.00 sec)

mysql> select ename, job, sal, hiredate from emp order by sal;
+----------+---------------------+------+------------+
| ename    | job                 | sal  | hiredate   |
+----------+---------------------+------+------------+
| SMITH    | CLERK               |  800 | 1980-12-17 |
| JAMES    | CLERK               |  950 | 1981-12-03 |
| Neel     | vice PRESIDENT      | 1000 | 1983-08-09 |
| ADAMS    | CLERK               | 1100 | 1983-01-12 |
| WARD     | SALESMAN            | 1250 | 1981-02-22 |
| MARTIN   | SALESMAN            | 1250 | 1981-09-28 |
| ALEX     | MANAGER             | 1250 | 1982-01-24 |
| MILLER   | CLERK               | 1300 | 1982-01-23 |
| AARUSH   | SALESMAN            | 1350 | 1980-02-14 |
| TURNER   | SALESMAN            | 1500 | 1981-09-08 |
| ALLEN    | SALESMAN            | 1600 | 1981-02-20 |
| GITA     | Compliance officers | 1750 | 1981-07-19 |
| VRUSHALI | Compliance officers | 1750 | 1981-07-19 |
| SHARMIN  | Public Relation     | 1750 | 1981-07-19 |
| BANDISH  | Public Relation     | 1750 | 1981-07-19 |
| THOMAS   | CLERK               | 1750 | 1981-07-19 |
| NATASHA  | CLERK               | 1750 | 1981-07-19 |
| SANGITA  | Compliance officers | 1750 | 1981-07-19 |
| SUPRIYA  | ANALYST             | 1750 | 1981-07-19 |
| Ruhan    | Network             | 2000 | 1983-08-09 |
| CLARK    | MANAGER             | 2450 | 1981-06-09 |
| GRASS    | SALESMAN            | 2575 | 1980-02-14 |
| BLAKE    | MANAGER             | 2850 | 1981-05-01 |
| JONES    | MANAGER             | 2975 | 1981-04-02 |
| SCOTT    | ANALYST             | 3000 | 1982-12-09 |
| FORD     | ANALYST             | 3000 | 1981-12-03 |
| AARAV    | CLERK               | 3350 | 1981-12-31 |
| HOFFMAN  | MANAGER             | 4150 | 1982-03-24 |
| KING     | PRESIDENT           | 5000 | 1981-11-17 |
| FRED     | vice PRESIDENT      | 5000 | 1983-08-09 |
+----------+---------------------+------+------------+
30 rows in set (0.00 sec)

mysql> select ename, job, sal, hiredate from emp order by sal desc;
+----------+---------------------+------+------------+
| ename    | job                 | sal  | hiredate   |
+----------+---------------------+------+------------+
| KING     | PRESIDENT           | 5000 | 1981-11-17 |
| FRED     | vice PRESIDENT      | 5000 | 1983-08-09 |
| HOFFMAN  | MANAGER             | 4150 | 1982-03-24 |
| AARAV    | CLERK               | 3350 | 1981-12-31 |
| SCOTT    | ANALYST             | 3000 | 1982-12-09 |
| FORD     | ANALYST             | 3000 | 1981-12-03 |
| JONES    | MANAGER             | 2975 | 1981-04-02 |
| BLAKE    | MANAGER             | 2850 | 1981-05-01 |
| GRASS    | SALESMAN            | 2575 | 1980-02-14 |
| CLARK    | MANAGER             | 2450 | 1981-06-09 |
| Ruhan    | Network             | 2000 | 1983-08-09 |
| GITA     | Compliance officers | 1750 | 1981-07-19 |
| VRUSHALI | Compliance officers | 1750 | 1981-07-19 |
| SHARMIN  | Public Relation     | 1750 | 1981-07-19 |
| BANDISH  | Public Relation     | 1750 | 1981-07-19 |
| THOMAS   | CLERK               | 1750 | 1981-07-19 |
| NATASHA  | CLERK               | 1750 | 1981-07-19 |
| SANGITA  | Compliance officers | 1750 | 1981-07-19 |
| SUPRIYA  | ANALYST             | 1750 | 1981-07-19 |
| ALLEN    | SALESMAN            | 1600 | 1981-02-20 |
| TURNER   | SALESMAN            | 1500 | 1981-09-08 |
| AARUSH   | SALESMAN            | 1350 | 1980-02-14 |
| MILLER   | CLERK               | 1300 | 1982-01-23 |
| WARD     | SALESMAN            | 1250 | 1981-02-22 |
| MARTIN   | SALESMAN            | 1250 | 1981-09-28 |
| ALEX     | MANAGER             | 1250 | 1982-01-24 |
| ADAMS    | CLERK               | 1100 | 1983-01-12 |
| Neel     | vice PRESIDENT      | 1000 | 1983-08-09 |
| JAMES    | CLERK               |  950 | 1981-12-03 |
| SMITH    | CLERK               |  800 | 1980-12-17 |
+----------+---------------------+------+------------+
30 rows in set (0.00 sec)

mysql> select ename, job, sal, hiredate from emp order by job,ename;
+----------+---------------------+------+------------+
| ename    | job                 | sal  | hiredate   |
+----------+---------------------+------+------------+
| FORD     | ANALYST             | 3000 | 1981-12-03 |
| SCOTT    | ANALYST             | 3000 | 1982-12-09 |
| SUPRIYA  | ANALYST             | 1750 | 1981-07-19 |
| AARAV    | CLERK               | 3350 | 1981-12-31 |
| ADAMS    | CLERK               | 1100 | 1983-01-12 |
| JAMES    | CLERK               |  950 | 1981-12-03 |
| MILLER   | CLERK               | 1300 | 1982-01-23 |
| NATASHA  | CLERK               | 1750 | 1981-07-19 |
| SMITH    | CLERK               |  800 | 1980-12-17 |
| THOMAS   | CLERK               | 1750 | 1981-07-19 |
| GITA     | Compliance officers | 1750 | 1981-07-19 |
| SANGITA  | Compliance officers | 1750 | 1981-07-19 |
| VRUSHALI | Compliance officers | 1750 | 1981-07-19 |
| ALEX     | MANAGER             | 1250 | 1982-01-24 |
| BLAKE    | MANAGER             | 2850 | 1981-05-01 |
| CLARK    | MANAGER             | 2450 | 1981-06-09 |
| HOFFMAN  | MANAGER             | 4150 | 1982-03-24 |
| JONES    | MANAGER             | 2975 | 1981-04-02 |
| Ruhan    | Network             | 2000 | 1983-08-09 |
| KING     | PRESIDENT           | 5000 | 1981-11-17 |
| BANDISH  | Public Relation     | 1750 | 1981-07-19 |
| SHARMIN  | Public Relation     | 1750 | 1981-07-19 |
| AARUSH   | SALESMAN            | 1350 | 1980-02-14 |
| ALLEN    | SALESMAN            | 1600 | 1981-02-20 |
| GRASS    | SALESMAN            | 2575 | 1980-02-14 |
| MARTIN   | SALESMAN            | 1250 | 1981-09-28 |
| TURNER   | SALESMAN            | 1500 | 1981-09-08 |
| WARD     | SALESMAN            | 1250 | 1981-02-22 |
| FRED     | vice PRESIDENT      | 5000 | 1983-08-09 |
| Neel     | vice PRESIDENT      | 1000 | 1983-08-09 |
+----------+---------------------+------+------------+
30 rows in set (0.00 sec)

mysql> select ename, job, sal, hiredate from emp order by job,ename desc;
+----------+---------------------+------+------------+
| ename    | job                 | sal  | hiredate   |
+----------+---------------------+------+------------+
| SUPRIYA  | ANALYST             | 1750 | 1981-07-19 |
| SCOTT    | ANALYST             | 3000 | 1982-12-09 |
| FORD     | ANALYST             | 3000 | 1981-12-03 |
| THOMAS   | CLERK               | 1750 | 1981-07-19 |
| SMITH    | CLERK               |  800 | 1980-12-17 |
| NATASHA  | CLERK               | 1750 | 1981-07-19 |
| MILLER   | CLERK               | 1300 | 1982-01-23 |
| JAMES    | CLERK               |  950 | 1981-12-03 |
| ADAMS    | CLERK               | 1100 | 1983-01-12 |
| AARAV    | CLERK               | 3350 | 1981-12-31 |
| VRUSHALI | Compliance officers | 1750 | 1981-07-19 |
| SANGITA  | Compliance officers | 1750 | 1981-07-19 |
| GITA     | Compliance officers | 1750 | 1981-07-19 |
| JONES    | MANAGER             | 2975 | 1981-04-02 |
| HOFFMAN  | MANAGER             | 4150 | 1982-03-24 |
| CLARK    | MANAGER             | 2450 | 1981-06-09 |
| BLAKE    | MANAGER             | 2850 | 1981-05-01 |
| ALEX     | MANAGER             | 1250 | 1982-01-24 |
| Ruhan    | Network             | 2000 | 1983-08-09 |
| KING     | PRESIDENT           | 5000 | 1981-11-17 |
| SHARMIN  | Public Relation     | 1750 | 1981-07-19 |
| BANDISH  | Public Relation     | 1750 | 1981-07-19 |
| WARD     | SALESMAN            | 1250 | 1981-02-22 |
| TURNER   | SALESMAN            | 1500 | 1981-09-08 |
| MARTIN   | SALESMAN            | 1250 | 1981-09-28 |
| GRASS    | SALESMAN            | 2575 | 1980-02-14 |
| ALLEN    | SALESMAN            | 1600 | 1981-02-20 |
| AARUSH   | SALESMAN            | 1350 | 1980-02-14 |
| Neel     | vice PRESIDENT      | 1000 | 1983-08-09 |
| FRED     | vice PRESIDENT      | 5000 | 1983-08-09 |
+----------+---------------------+------+------------+
30 rows in set (0.00 sec)

mysql> select ename, job, sal, hiredate from emp order by job,ename,sal;
+----------+---------------------+------+------------+
| ename    | job                 | sal  | hiredate   |
+----------+---------------------+------+------------+
| FORD     | ANALYST             | 3000 | 1981-12-03 |
| SCOTT    | ANALYST             | 3000 | 1982-12-09 |
| SUPRIYA  | ANALYST             | 1750 | 1981-07-19 |
| AARAV    | CLERK               | 3350 | 1981-12-31 |
| ADAMS    | CLERK               | 1100 | 1983-01-12 |
| JAMES    | CLERK               |  950 | 1981-12-03 |
| MILLER   | CLERK               | 1300 | 1982-01-23 |
| NATASHA  | CLERK               | 1750 | 1981-07-19 |
| SMITH    | CLERK               |  800 | 1980-12-17 |
| THOMAS   | CLERK               | 1750 | 1981-07-19 |
| GITA     | Compliance officers | 1750 | 1981-07-19 |
| SANGITA  | Compliance officers | 1750 | 1981-07-19 |
| VRUSHALI | Compliance officers | 1750 | 1981-07-19 |
| ALEX     | MANAGER             | 1250 | 1982-01-24 |
| BLAKE    | MANAGER             | 2850 | 1981-05-01 |
| CLARK    | MANAGER             | 2450 | 1981-06-09 |
| HOFFMAN  | MANAGER             | 4150 | 1982-03-24 |
| JONES    | MANAGER             | 2975 | 1981-04-02 |
| Ruhan    | Network             | 2000 | 1983-08-09 |
| KING     | PRESIDENT           | 5000 | 1981-11-17 |
| BANDISH  | Public Relation     | 1750 | 1981-07-19 |
| SHARMIN  | Public Relation     | 1750 | 1981-07-19 |
| AARUSH   | SALESMAN            | 1350 | 1980-02-14 |
| ALLEN    | SALESMAN            | 1600 | 1981-02-20 |
| GRASS    | SALESMAN            | 2575 | 1980-02-14 |
| MARTIN   | SALESMAN            | 1250 | 1981-09-28 |
| TURNER   | SALESMAN            | 1500 | 1981-09-08 |
| WARD     | SALESMAN            | 1250 | 1981-02-22 |
| FRED     | vice PRESIDENT      | 5000 | 1983-08-09 |
| Neel     | vice PRESIDENT      | 1000 | 1983-08-09 |
+----------+---------------------+------+------------+
30 rows in set (0.00 sec)

mysql> select ename, job, sal, hiredate from emp order by job,ename,sal desc;
+----------+---------------------+------+------------+
| ename    | job                 | sal  | hiredate   |
+----------+---------------------+------+------------+
| FORD     | ANALYST             | 3000 | 1981-12-03 |
| SCOTT    | ANALYST             | 3000 | 1982-12-09 |
| SUPRIYA  | ANALYST             | 1750 | 1981-07-19 |
| AARAV    | CLERK               | 3350 | 1981-12-31 |
| ADAMS    | CLERK               | 1100 | 1983-01-12 |
| JAMES    | CLERK               |  950 | 1981-12-03 |
| MILLER   | CLERK               | 1300 | 1982-01-23 |
| NATASHA  | CLERK               | 1750 | 1981-07-19 |
| SMITH    | CLERK               |  800 | 1980-12-17 |
| THOMAS   | CLERK               | 1750 | 1981-07-19 |
| GITA     | Compliance officers | 1750 | 1981-07-19 |
| SANGITA  | Compliance officers | 1750 | 1981-07-19 |
| VRUSHALI | Compliance officers | 1750 | 1981-07-19 |
| ALEX     | MANAGER             | 1250 | 1982-01-24 |
| BLAKE    | MANAGER             | 2850 | 1981-05-01 |
| CLARK    | MANAGER             | 2450 | 1981-06-09 |
| HOFFMAN  | MANAGER             | 4150 | 1982-03-24 |
| JONES    | MANAGER             | 2975 | 1981-04-02 |
| Ruhan    | Network             | 2000 | 1983-08-09 |
| KING     | PRESIDENT           | 5000 | 1981-11-17 |
| BANDISH  | Public Relation     | 1750 | 1981-07-19 |
| SHARMIN  | Public Relation     | 1750 | 1981-07-19 |
| AARUSH   | SALESMAN            | 1350 | 1980-02-14 |
| ALLEN    | SALESMAN            | 1600 | 1981-02-20 |
| GRASS    | SALESMAN            | 2575 | 1980-02-14 |
| MARTIN   | SALESMAN            | 1250 | 1981-09-28 |
| TURNER   | SALESMAN            | 1500 | 1981-09-08 |
| WARD     | SALESMAN            | 1250 | 1981-02-22 |
| FRED     | vice PRESIDENT      | 5000 | 1983-08-09 |
| Neel     | vice PRESIDENT      | 1000 | 1983-08-09 |
+----------+---------------------+------+------------+
30 rows in set (0.00 sec)

mysql> select comm from emp order by comm;
+------+
| comm |
+------+
| NULL |
| NULL |
| NULL |
| NULL |
| NULL |
| NULL |
| NULL |
| NULL |
| NULL |
| NULL |
| NULL |
| NULL |
| NULL |
| NULL |
| NULL |
| NULL |
| NULL |
| NULL |
| NULL |
| NULL |
| NULL |
| NULL |
|    0 |
|  300 |
|  500 |
|  500 |
| 1300 |
| 1400 |
| 2700 |
| 2700 |
+------+
30 rows in set (0.00 sec)

mysql> select comm from emp order by comm desc;
+------+
| comm |
+------+
| 2700 |
| 2700 |
| 1400 |
| 1300 |
|  500 |
|  500 |
|  300 |
|    0 |
| NULL |
| NULL |
| NULL |
| NULL |
| NULL |
| NULL |
| NULL |
| NULL |
| NULL |
| NULL |
| NULL |
| NULL |
| NULL |
| NULL |
| NULL |
| NULL |
| NULL |
| NULL |
| NULL |
| NULL |
| NULL |
| NULL |
+------+
30 rows in set (0.00 sec)

mysql> select isnull(1);
+-----------+
| isnull(1) |
+-----------+
|         0 |
+-----------+
1 row in set (0.00 sec)

mysql> select isnull(null);
+--------------+
| isnull(null) |
+--------------+
|            1 |
+--------------+
1 row in set (0.00 sec)

mysql> select comm, isnull(comm) R1 from emp;
+------+----+
| comm | R1 |
+------+----+
| NULL |  1 |
| NULL |  1 |
| NULL |  1 |
| NULL |  1 |
| NULL |  1 |
| NULL |  1 |
| NULL |  1 |
|  300 |  0 |
|  500 |  0 |
| NULL |  1 |
| 1400 |  0 |
| NULL |  1 |
| NULL |  1 |
| NULL |  1 |
| NULL |  1 |
| NULL |  1 |
|    0 |  0 |
| NULL |  1 |
| NULL |  1 |
| NULL |  1 |
| NULL |  1 |
| NULL |  1 |
| NULL |  1 |
| 2700 |  0 |
| 1300 |  0 |
| 2700 |  0 |
|  500 |  0 |
| NULL |  1 |
| NULL |  1 |
| NULL |  1 |
+------+----+
30 rows in set (0.00 sec)

mysql> select comm from emp order by comm desc;
+------+
| comm |
+------+
| 2700 |
| 2700 |
| 1400 |
| 1300 |
|  500 |
|  500 |
|  300 |
|    0 |
| NULL |
| NULL |
| NULL |
| NULL |
| NULL |
| NULL |
| NULL |
| NULL |
| NULL |
| NULL |
| NULL |
| NULL |
| NULL |
| NULL |
| NULL |
| NULL |
| NULL |
| NULL |
| NULL |
| NULL |
| NULL |
| NULL |
+------+
30 rows in set (0.00 sec)

mysql> select comm from emp order by isnull(comm), comm desc;
+------+
| comm |
+------+
| 2700 |
| 2700 |
| 1400 |
| 1300 |
|  500 |
|  500 |
|  300 |
|    0 |
| NULL |
| NULL |
| NULL |
| NULL |
| NULL |
| NULL |
| NULL |
| NULL |
| NULL |
| NULL |
| NULL |
| NULL |
| NULL |
| NULL |
| NULL |
| NULL |
| NULL |
| NULL |
| NULL |
| NULL |
| NULL |
| NULL |
+------+
30 rows in set (0.00 sec)

mysql> select comm from emp order by isnull(comm)desc, comm desc;
+------+
| comm |
+------+
| NULL |
| NULL |
| NULL |
| NULL |
| NULL |
| NULL |
| NULL |
| NULL |
| NULL |
| NULL |
| NULL |
| NULL |
| NULL |
| NULL |
| NULL |
| NULL |
| NULL |
| NULL |
| NULL |
| NULL |
| NULL |
| NULL |
| 2700 |
| 2700 |
| 1400 |
| 1300 |
|  500 |
|  500 |
|  300 |
|    0 |
+------+
30 rows in set (0.00 sec)

mysql> select * from countnulls;
+----+----------+--------+-------+
| id | ename    | city   | phone |
+----+----------+--------+-------+
|  1 | saleel   | baroda |  NULL |
|  2 | sharmin  | pune   |  NULL |
|  3 | ruhan    | NULL   |  1111 |
|  4 | vrushali | NULL   |  2222 |
|  5 | neel     | NULL   |  3333 |
+----+----------+--------+-------+
5 rows in set (0.04 sec)

mysql> select * from countnulls order by city;
+----+----------+--------+-------+
| id | ename    | city   | phone |
+----+----------+--------+-------+
|  3 | ruhan    | NULL   |  1111 |
|  4 | vrushali | NULL   |  2222 |
|  5 | neel     | NULL   |  3333 |
|  1 | saleel   | baroda |  NULL |
|  2 | sharmin  | pune   |  NULL |
+----+----------+--------+-------+
5 rows in set (0.00 sec)

mysql> select * from countnulls order by isnull(city), city;
+----+----------+--------+-------+
| id | ename    | city   | phone |
+----+----------+--------+-------+
|  1 | saleel   | baroda |  NULL |
|  2 | sharmin  | pune   |  NULL |
|  3 | ruhan    | NULL   |  1111 |
|  4 | vrushali | NULL   |  2222 |
|  5 | neel     | NULL   |  3333 |
+----+----------+--------+-------+
5 rows in set (0.00 sec)

mysql> select * from countnulls order by isnull(city)desc, city;
+----+----------+--------+-------+
| id | ename    | city   | phone |
+----+----------+--------+-------+
|  3 | ruhan    | NULL   |  1111 |
|  4 | vrushali | NULL   |  2222 |
|  5 | neel     | NULL   |  3333 |
|  1 | saleel   | baroda |  NULL |
|  2 | sharmin  | pune   |  NULL |
+----+----------+--------+-------+
5 rows in set (0.00 sec)

mysql> select * from countnulls order by isnull(city), city desc;
+----+----------+--------+-------+
| id | ename    | city   | phone |
+----+----------+--------+-------+
|  2 | sharmin  | pune   |  NULL |
|  1 | saleel   | baroda |  NULL |
|  3 | ruhan    | NULL   |  1111 |
|  4 | vrushali | NULL   |  2222 |
|  5 | neel     | NULL   |  3333 |
+----+----------+--------+-------+
5 rows in set (0.00 sec)

mysql> select * from city;
+------+----------+
| id   | CityName |
+------+----------+
|    1 | Baroda   |
|    2 | Surat    |
|    3 | Bharuch  |
|    4 | Rajkot   |
|    5 | Jamnagar |
+------+----------+
5 rows in set (0.00 sec)

mysql> select * from city order by true;
+------+----------+
| id   | CityName |
+------+----------+
|    1 | Baroda   |
|    2 | Surat    |
|    3 | Bharuch  |
|    4 | Rajkot   |
|    5 | Jamnagar |
+------+----------+
5 rows in set (0.00 sec)

mysql> select c.* , true from city c;
+------+----------+------+
| id   | CityName | true |
+------+----------+------+
|    1 | Baroda   |    1 |
|    2 | Surat    |    1 |
|    3 | Bharuch  |    1 |
|    4 | Rajkot   |    1 |
|    5 | Jamnagar |    1 |
+------+----------+------+
5 rows in set (0.00 sec)

mysql> select c.* , length(cityname) from city c;
+------+----------+------------------+
| id   | CityName | length(cityname) |
+------+----------+------------------+
|    1 | Baroda   |                6 |
|    2 | Surat    |                5 |
|    3 | Bharuch  |                7 |
|    4 | Rajkot   |                6 |
|    5 | Jamnagar |                8 |
+------+----------+------------------+
5 rows in set (0.00 sec)

mysql> select c.* , length(cityname) from city c order by 3;
+------+----------+------------------+
| id   | CityName | length(cityname) |
+------+----------+------------------+
|    2 | Surat    |                5 |
|    1 | Baroda   |                6 |
|    4 | Rajkot   |                6 |
|    3 | Bharuch  |                7 |
|    5 | Jamnagar |                8 |
+------+----------+------------------+
5 rows in set (0.00 sec)

mysql> select c.* , length(cityname) from city c order by 2;
+------+----------+------------------+
| id   | CityName | length(cityname) |
+------+----------+------------------+
|    1 | Baroda   |                6 |
|    3 | Bharuch  |                7 |
|    5 | Jamnagar |                8 |
|    4 | Rajkot   |                6 |
|    2 | Surat    |                5 |
+------+----------+------------------+
5 rows in set (0.00 sec)

mysql> select c.* , length(cityname) from city c order by 2,2;
+------+----------+------------------+
| id   | CityName | length(cityname) |
+------+----------+------------------+
|    1 | Baroda   |                6 |
|    3 | Bharuch  |                7 |
|    5 | Jamnagar |                8 |
|    4 | Rajkot   |                6 |
|    2 | Surat    |                5 |
+------+----------+------------------+
5 rows in set (0.00 sec)

mysql> select c.* , length(cityname) from city c order by  length(cityname);
+------+----------+------------------+
| id   | CityName | length(cityname) |
+------+----------+------------------+
|    2 | Surat    |                5 |
|    1 | Baroda   |                6 |
|    4 | Rajkot   |                6 |
|    3 | Bharuch  |                7 |
|    5 | Jamnagar |                8 |
+------+----------+------------------+
5 rows in set (0.00 sec)

mysql> select c.* , length(cityname) from city c order by  length(cityname)desc;
+------+----------+------------------+
| id   | CityName | length(cityname) |
+------+----------+------------------+
|    5 | Jamnagar |                8 |
|    3 | Bharuch  |                7 |
|    1 | Baroda   |                6 |
|    4 | Rajkot   |                6 |
|    2 | Surat    |                5 |
+------+----------+------------------+
5 rows in set (0.00 sec)

mysql> select c.* , length(cityname) R1 from city c order by R1;
+------+----------+------+
| id   | CityName | R1   |
+------+----------+------+
|    2 | Surat    |    5 |
|    1 | Baroda   |    6 |
|    4 | Rajkot   |    6 |
|    3 | Bharuch  |    7 |
|    5 | Jamnagar |    8 |
+------+----------+------+
5 rows in set (0.00 sec)

mysql> select hiredate, monthname(hiredate) from emp;
+------------+---------------------+
| hiredate   | monthname(hiredate) |
+------------+---------------------+
| 1981-07-19 | July                |
| 1981-07-19 | July                |
| 1981-07-19 | July                |
| 1981-07-19 | July                |
| 1980-12-17 | December            |
| 1981-12-31 | December            |
| 1981-07-19 | July                |
| 1981-02-20 | February            |
| 1981-02-22 | February            |
| 1981-04-02 | April               |
| 1981-09-28 | September           |
| 1981-05-01 | May                 |
| 1981-06-09 | June                |
| 1982-12-09 | December            |
| 1981-11-17 | November            |
| 1983-08-09 | August              |
| 1981-09-08 | September           |
| 1983-01-12 | January             |
| 1983-08-09 | August              |
| 1983-08-09 | August              |
| 1981-12-03 | December            |
| 1981-12-03 | December            |
| 1982-03-24 | March               |
| 1980-02-14 | February            |
| 1982-01-23 | January             |
| 1980-02-14 | February            |
| 1982-01-24 | January             |
| 1981-07-19 | July                |
| 1981-07-19 | July                |
| 1981-07-19 | July                |
+------------+---------------------+
30 rows in set (0.00 sec)

mysql> select hiredate, monthname(hiredate) r1 from emp r1;
+------------+-----------+
| hiredate   | r1        |
+------------+-----------+
| 1981-07-19 | July      |
| 1981-07-19 | July      |
| 1981-07-19 | July      |
| 1981-07-19 | July      |
| 1980-12-17 | December  |
| 1981-12-31 | December  |
| 1981-07-19 | July      |
| 1981-02-20 | February  |
| 1981-02-22 | February  |
| 1981-04-02 | April     |
| 1981-09-28 | September |
| 1981-05-01 | May       |
| 1981-06-09 | June      |
| 1982-12-09 | December  |
| 1981-11-17 | November  |
| 1983-08-09 | August    |
| 1981-09-08 | September |
| 1983-01-12 | January   |
| 1983-08-09 | August    |
| 1983-08-09 | August    |
| 1981-12-03 | December  |
| 1981-12-03 | December  |
| 1982-03-24 | March     |
| 1980-02-14 | February  |
| 1982-01-23 | January   |
| 1980-02-14 | February  |
| 1982-01-24 | January   |
| 1981-07-19 | July      |
| 1981-07-19 | July      |
| 1981-07-19 | July      |
+------------+-----------+
30 rows in set (0.00 sec)

mysql> select hiredate, monthname(hiredate) r1, month(hiredate)r2  from emp r1;
+------------+-----------+------+
| hiredate   | r1        | r2   |
+------------+-----------+------+
| 1981-07-19 | July      |    7 |
| 1981-07-19 | July      |    7 |
| 1981-07-19 | July      |    7 |
| 1981-07-19 | July      |    7 |
| 1980-12-17 | December  |   12 |
| 1981-12-31 | December  |   12 |
| 1981-07-19 | July      |    7 |
| 1981-02-20 | February  |    2 |
| 1981-02-22 | February  |    2 |
| 1981-04-02 | April     |    4 |
| 1981-09-28 | September |    9 |
| 1981-05-01 | May       |    5 |
| 1981-06-09 | June      |    6 |
| 1982-12-09 | December  |   12 |
| 1981-11-17 | November  |   11 |
| 1983-08-09 | August    |    8 |
| 1981-09-08 | September |    9 |
| 1983-01-12 | January   |    1 |
| 1983-08-09 | August    |    8 |
| 1983-08-09 | August    |    8 |
| 1981-12-03 | December  |   12 |
| 1981-12-03 | December  |   12 |
| 1982-03-24 | March     |    3 |
| 1980-02-14 | February  |    2 |
| 1982-01-23 | January   |    1 |
| 1980-02-14 | February  |    2 |
| 1982-01-24 | January   |    1 |
| 1981-07-19 | July      |    7 |
| 1981-07-19 | July      |    7 |
| 1981-07-19 | July      |    7 |
+------------+-----------+------+
30 rows in set (0.01 sec)

mysql> select * from  orders;
+------+---------+---------------------+------+------+--------+--------------+------------+------------------+
| ONUM | AMT     | ODATE               | CNUM | SNUM | type   | paymentType  | registered | delivery_partner |
+------+---------+---------------------+------+------+--------+--------------+------------+------------------+
| 2322 |   750.1 | 1996-10-03 12:05:00 | NULL | 1004 | Online | PhonePe      |          0 | NULL             |
| 2364 |   750.1 | 1996-10-03 12:07:00 | NULL | 1004 | Online | PhonePe      |          0 | NULL             |
| 2475 |   750.1 | 1996-10-03 12:05:00 | NULL | 1004 | Online | PhonePe      |          0 | NULL             |
| 3001 |   18.69 | 1996-10-03 12:30:00 | 2008 | 1007 | Online | Credit Cards |          1 | NULL             |
| 3002 |  1900.1 | 1996-10-03 12:30:00 | 2007 | 1004 | Online | Wallets      |          1 | NULL             |
